DATAPATH=/mnt/hgfs/THU_REAL/RMC_github/RMC_TestNucData
atomic weight ratios
   0001  1.000000      0001  1.000000
   1000  0.99931697    1001  0.99916732   1002  1.99679966   1003  2.99013994
   2000  3.96821760    2003  2.99012015   2004  3.96821894
   3000  6.88131188    3006  5.96344945   3007  6.95573316
   4000  8.93476310    4007  6.95665041   4009  8.93476310
   5000  10.7181562    5010  9.92692102   5011  10.9147302
   6000  11.9078563    6012  11.8969142   6013  12.8916497   6014  13.8829473
   7000  13.8863986    7014  13.8827808   7015  14.8712507   7016  15.8686012
   8000  15.8618629    8016  15.8575105   8017  16.8531007   8018  17.8445389
                       8019  18.8403287
   9000  18.8351977     9018  17.8463008    9019  18.8351977
  10000  20.0066900    10020  19.8206954   10021  20.8134994  10022  21.8024688
  11000  22.7922764    11022  21.9944364   11023  22.7922764
  12000  24.0962596    12023  22.7965941   12024  23.7789987  12025  24.7711965
                       12026  25.7593899   12027  26.7525321
  13000  26.7497539    13026  25.7636516   13027  26.7497539  13028  27.7415320
  14000  27.8442403    14027  26.7548758   14028  27.7365911  14029  28.7275725
                       14030  29.7162809   14031  30.7092698
  15000  30.7076818    15031  30.7076818
  16000  31.7889394    16031  30.7134250   16032  31.6974150  16033  32.6882176
                       16034  33.6760663   16035  34.6686311  16036  35.6581061
                       16037  36.6535257
  17000  35.1481816    17034  33.6819108   17035  34.6684532  17036  35.6593217
                       17037  36.6483475   17038  37.6418469
  18000  39.6044909    18036  35.6585675   18037  36.6492133  18038  37.6366138
                       18039  38.6295910   18040  39.6190868  18041  40.6125958
                       18042  41.6025634   18043  42.5965747
  19000  38.7624279    19038  37.6429072   19039  38.6289896  19040  39.6206885
                       19041  40.6099439   19042  41.6019256  19043  42.5916623
                       19044  43.5839050   19045  44.5744654  19046  45.5671404
  20000  39.7337331    20039  38.6359403   20040  39.6192930  20041  40.6103924
                       20042  41.5981734   20043  42.5897301  20044  43.5778821
                       20045  44.5699904   20046  45.5589282  20047  46.5511840
                       20048  47.5405979   20049  48.5351202
  21000  44.5697171    21044  43.5817704   21045  44.5697171  21046  45.5603930
                       21047  46.5490640   21048  47.5403019
  22000  47.4671267    22045  44.5719122   22046  45.5578740  22047  46.5484253
                       22048  47.5360508   22049  48.5273847  22050  49.5157420
                       22051  50.5089598
  23000  50.5038596    23047  46.5515414   23048  47.5403213  23049  48.5280253
                       23050  49.5180923   23051  50.5063302  23052  51.4985487
                       23053  52.4895248   23054  53.4830182
  24000  51.5494654    24049  48.5308253   24050  49.5169887  24051  50.5071314
                       24052  51.4943176   24053  52.4858678  24054  53.4755236
                       24055  54.4688756   24056  55.4600879  24057  56.4545792
  25000  54.4661050    25051  50.5105455   25052  51.4993323  25053  52.4865032
                       25054  53.4769893   25055  54.4661050  25056  55.4583669
                       25057  56.4491598   25058  57.4422538
  26000  55.3670672    26053  52.4904863   26054  53.4762473  26055  54.4663513
                       26056  55.4544337   26057  56.4462959  26058  57.4356054
                       26059  58.4286012   26060  59.4192140  26061  60.4132731
  27000  58.4269353    27057  56.4471857   27058  57.4380612  27059  58.4269353
                       27060  59.4189615   27061  60.4090397  27062  61.4020105
                       27063  62.3929848   27064  63.3865737  27108  57.4380612
                       27098  57.4381090          
  28000  58.1891568    28057  56.4506599   28058  57.4376551  28059  58.4280768
                       28060  59.4159560   28061  60.4076330  28062  61.3963541
                       28063  62.3890764   28064  63.3787972  28065  64.3723069
  29000  62.9997558    29062  61.4005562   29063  62.3890052  29064  63.3805800
                       29065  64.3700323   29066  65.3625119
  30000  64.8345785    30064  63.3799641   30065  64.3715261  30066  65.3597000
                       30067  66.3521942   30068  67.3413400  30070  69.3246323
  31000  69.1241164    31069  68.3334766   31071  70.3154273
  32000  71.9677766    32070  69.3235670   32072  71.3042305  32073  72.2970113
                       32074  73.2861593   32076  75.2692009
  33000  74.2779834    33072  71.3088668   33073  72.2973741  33074  73.2888865
                       33075  74.2779834
  34000  78.2812872    34074  73.2874465   34076  75.2670311  34077  76.2591351
                       34078  77.2479619   34079  78.2405000  34080  79.2300000
                       34082  81.2129957
  35000  79.2171183    35079  78.2403907   35081  80.2211807
  36000  83.0801410    36078  77.2510122   36080  79.2298574  36082  81.2098079
                       36083  82.2018631   36084  83.1906659  36085  84.1831000
                       36086  85.1725963
  37000  84.7335543    37085  84.1823557   37086  85.1731000  37087  86.1625913
  38000  86.8639767    38084  83.1925676   38086  85.1712599  38087  86.1622897
                       38088  87.1504623   38089  88.1440000  38090  89.1353000
  39000  88.1421034    39086  85.1768370   39087  86.1642711  39088  87.1543179
                       39089  88.1421034   39090  89.1348052  39091  90.1263654
                       39092  91.1194042   39093  92.1114430
  40000  90.4399916    40088  87.1550345   40089  88.1451183  40090  89.1323785
                       40091  90.1247212   40092  91.1155311  40093  92.1083638
                       40094  93.0996148   40095  94.0927364  40096  95.0843769
                       40097  96.0784384
  41000  92.1082665    41091  90.1260552   41092  91.1176657  41093  92.1082665
                       41094  93.1005742   41095  94.0915392  41096  95.0842028
                       41097  96.0756094   41098  97.0692333  41100  99.0558700
  42000  95.1071951    42090  89.1415317   42091  90.1307745  42092  91.1172862
                       42093  92.1086974   42094  93.0983971  42095  94.0905541
                       42096  95.0808110   42097  96.0735511  42098  97.0643527
                       42099  98.0580462   42100  99.0492233  42101  100.043478
  43000  96.0740000    43097  96.0738920   43098  97.0661450  43099  98.0566017
  44000  100.201505    44096  95.0837047   44098  97.0642330  44099  98.0562891
                       44100  99.0459938   44101  100.038754  44102  101.028942
                       44103  102.022308   44104  103.012832  44105  104.010000
                       44106  104.997000
  45000  102.021496    45103  102.021496   45105  104.004501  45117  115.544640
  46000  105.501169    46102  101.030189   46104  103.011449  46105  104.003898
                       46106  104.993721   46107  105.987000  46108  106.976947
                       46110  108.961014   46119  117.52551
  47000  106.941511    47106  104.996877   47107  105.986726  47108  106.978989
                       47109  107.969211   47110  108.961963  47111  109.953000
                       47190  108.962000  
  48000  111.445883    48106  104.996670   48108  106.977234  48110  108.958885
                       48111  109.951461   48112  110.941458  48113  111.934497
                       48114  112.924873   48115  113.918000  48116  114.909077
                       48195  113.918000 
  49000  113.831545    49113  111.934160   49115  113.916798  49120  118.490609
                       49125  118.490609
  50000  117.691126    50112  110.943504   50113  111.935000  50114  112.924301
                       50115  113.916270   50116  114.906092  50117  115.898700
                       50118  116.888774   50119  117.881872  50120  118.872178
                       50122  120.856230   50123  121.850000  50124  122.840868
                       50125  123.835000   50126  124.826000
  51000  120.710837    51121  119.865195   51123  121.848409  51124  122.842000
                       51125  123.832000   51126  124.826000
  52000  126.492160    52120  118.873986   52122  120.855841  52123  121.848465
                       52124  122.838434   52125  123.831435  52126  124.821735
                       52127  125.815000   52128  126.805700  52129  127.800000
                       52130  128.790265   52132  130.775000  52197  125.815000 
                       52199  127.800000 
  53000  125.814297    53127  125.814297   53129  127.797631  53130  128.791000
                       53131  129.781000   53135  133.751107
  54000  130.165210    54123  121.850000   54124  122.841484  54126  124.822690
                       54128  126.804777   54129  127.797425  54130  128.787574
                       54131  129.780544   54132  130.771034  54133  131.764000
                       54134  132.755082   54135  133.748289  54136  134.739710
  55000  131.763724    55133  131.763724   55134  132.756390  55135  133.747064
                       55136  134.739796   55137  135.730985
  56000  136.147201    56130  128.790352   56132  130.771927  56133  131.764000
                       56134  132.754198   56135  133.746777  56136  134.737084
                       56137  135.729734   56138  136.720568  56140  138.722000
  57000  137.712181    57138  136.722418   57139  137.713075  57140  138.708000
  58000  138.911205    58136  134.739635   58138  136.721306  58139  137.713000
                       58140  138.703578   58141  139.700000  58142  140.690170
                       58143  141.685000   58144  142.678000
  59000  139.697182    59141  139.697182   59142  140.691000  59143  141.683000
  60000  143.003225    60142  140.688662   60143  141.682145  60144  142.673825
                       60145  143.667699   60146  144.659647  60147  145.654015
                       60148  146.646210   60150  148.632993
  61000  143.668000    61145  143.667873   61147  145.653061  61148  146.646785
                       61149  147.639048   61151  149.625000  61198  146.646785
                       61248  146.646925
  62000  149.068569    62144  142.675721   62147  145.652823  62148  146.644158
                       62149  147.637908   62150  148.629409  62151  149.623453
                       62152  150.614664   62153  151.608000  62154  152.599939
  63000  150.659117    63151  149.623371   63152  150.616659  63153  151.607558
                       63154  152.600702   63155  153.592026  63156  154.586000
                       63157  155.577000
  64000  155.901247    64150  148.630781   64151  149.623865  64152  150.614723
                       64153  151.608000   64154  152.598607  64155  153.592000
                       64156  154.582673   64157  155.575903  64158  156.567456
                       64160  158.553199
  65000  157.560097    65159  157.560097   65160  158.553000
  66000  161.101597    66156  154.584813   66158  156.567757  66160  158.551358
                       66161  159.544489   66162  160.535765  66163  161.529090
                       66164  162.520940
  67000  163.513487    67163  161.529093   67164  162.521990  67165  163.513487
                       67166  164.506842   67196  164.507000 
  68000  165.818892    68162  160.537728   68164  162.520965  68166  164.504868
                       68167  165.498018   68168  166.489747  68170  168.475632
  69000  167.482984    69166  164.508103   69167  165.498814  69168  166.491534
                       69169  167.482984   69170  168.475967  69171  169.467999
                       69172  170.461362   69173  171.453965
  70000  171.547739    70168  166.491261   70170  168.474936  70171  169.467896
                       70172  170.459360   70173  171.452583  70174  172.444639
                       70176  174.431136
  71000  173.463668    71173  171.453297   71174  172.446101  71175  173.437942
                       71176  174.431249   71177  175.423722
  72000  176.953118    72174  172.445810   72175  173.438670  72176  174.429979
                       72177  175.423192   72178  176.415075  72179  177.408583
                       72180  178.400720   72181  179.394658  72183  181.381871
  73000  179.393446    73179  177.408701   73180  178.401629  73181  179.393565
                       73182  180.387112   73183  181.379732  73184  182.373755
                       73186  184.361076
  74000  182.269538    74179  177.409829   74180  178.400876  74181  179.393765
                       74182  180.385182   74183  181.378593  74184  182.370704
                       74185  183.364581   74186  184.356924  74187  185.351105
                       74188  186.343832
  75000  184.607099    75184  182.372283   75185  183.364120  75186  184.357543
                       75187  185.349710   75188  186.343461
  76000  188.605524    76184  182.372249   76186  184.356404  76187  185.349707
                       76188  186.341204   76189  187.334902  76190  188.326610
                       76192  190.312436
  77000  190.564824    77188  186.344194   77189  187.335469  77190  188.328738
                       77191  189.320147   77192  190.313550  77193  191.305278
                       77194  192.298821   77195  193.291124
  78000  193.404281    78190  188.328082   78192  190.311996  78193  191.305338
                       78194  192.296430   78195  193.289932  78196  194.281501
                       78197  195.275278   78198  196.267236  78199  197.261322
  79000  195.274513    79193  191.306476   79194  192.299082  79195  193.290173
                       79196  194.283103   79197  195.274513  79198  196.267582
                       79199  197.259510   79200  198.252872
  80000  198.875905    80196  194.282373   80198  196.266121  80199  197.259028
                       80200  198.250484   80201  199.243853  80202  200.235600
                       80203  201.229221   80204  202.221244
  81000  202.627565    81202  200.237052   81203  201.228698  81204  202.221614
                       81205  203.213582
  82000  205.436797    82202  200.237105   82203  201.229735  82204  202.220801
                       82205  203.213637   82206  204.205028  82207  205.197857
                       82208  206.190015   82209  207.185826  82210  208.180307
  83000  207.185140    83205  203.216519   83206  204.209027  83207  205.200409
                       83208  206.193080   83209  207.185140  83210  208.180239
  84000  207.205000    84205  203.220277   84206  204.210993  84207  205.203506
                       84208  206.194571   84209  207.187155  84210  208.179002
  85000  208.196000    85206  204.217074   85208  206.199876  85209  207.190866
                       85210  208.183240   85215  213.151698
  86000  220.111000    86211  209.178074   86218  216.132812  86219  217.128077
                       86220  218.121379   86222  220.110331
  87000  221.084000    87221  219.115626   87223  221.103883
  88000  224.084000    88222  220.108142   88223  221.102660  88224  222.095759
                       88225  223.090542   88226  224.083734  88227  225.078880
  89000  225.050000    89223  221.103283   89224  222.097253  89225  223.090162
                       89226  224.084416   89227  225.077468  89228  226.072117
  90000  230.044730    90227  225.077420   90228  226.069853  90229  227.064261
                       90230  228.057030   90231  229.051583  90232  230.044730
                       90233  231.039636   90234  232.033047
  91000  229.051000    91229  227.064591   91230  228.058424  91231  229.051168
                       91232  230.045257   91233  231.038311
  92000  235.984128    92229  227.065987   92230  228.057824  92231  229.051575
                       92232  230.043834   92233  231.037704  92234  232.030420
                       92235  233.024781   92236  234.017816  92237  235.012360
                       92238  236.005810   92239  237.000695  92240  237.994383
                       92241  238.989500
  93000  235.012000    93234  232.032565   93235  233.024913  93236  234.018805
                       93237  235.011808   93238  236.005967  93239  236.999350
  94000  241.968000    94236  234.018298   94237  235.012043  94238  236.004592
                       94239  236.998582   94240  237.991628  94241  238.986050
                       94242  239.979334   94243  240.973976  94244  241.967567
                       94245  242.962487   94246  243.956336
  95000  240.912000    95240  237.993096   95241  238.986027  95242  239.980134
                       95243  240.973357   95244  241.967648  95292  239.980134
                       95294  241.967648   95342  239.980359  95344  241.967875
  96000  244.878000    96240  237.993553   96241  238.986844  96242  239.979426
                       96243  240.973367   96244  241.966128  96245  242.960254
                       96246  243.953380   96247  244.947892  96248  245.941280
                       96249  246.936000   96250  247.930000
  97000  244.878000    97245  242.961116   97246  243.954817  97247  244.947844
                       97248  245.942011   97249  246.935305  97250  247.930000
  98000  248.844000    98246  243.955178   98248  245.941349  98249  246.935173
                       98250  247.928122   98251  248.922684  98252  249.916116
                       98253  250.910000   98254  251.905000
  99000  251.818000    99240  238.006611   99241  238.997765  99242  239.990202
                       99243  240.981544   99244  241.974280  99245  242.966035
                       99246  243.959078   99247  244.951167  99248  245.944369
                       99249  246.936717   99250  247.930357  99251  248.923084
                       99252  249.917457   99253  250.910696  99254  251.905276
                       99255  252.898917   99256  253.893623  99257  254.887399
                       99294  251.905513          
 100000  254.792000   100255  252.899000
Dec/2011
directory
    Al.71t   26.749750 endfb7.1_nndc/al.acer       0 1 1  117721 0 0 2.530E-08
 BeBeO.71t    8.934780 endfb7.1_nndc/bebeo.acer    0 1 1  118030 0 0 2.530E-08
    Be.71t    8.934780 endfb7.1_nndc/be.acer       0 1 1  117936 0 0 2.551E-08
  Benz.71t    0.999167 endfb7.1_nndc/benzine.acer  0 1 1  117721 0 0 2.551E-08
  DD2O.71t    1.996800 endfb7.1_nndc/dd2o.acer     0 1 1  117721 0 0 2.530E-08
    Fe.71t   55.454000 endfb7.1_nndc/fe.acer       0 1 1  117721 0 0 2.530E-08
 Graph.71t   11.898000 endfb7.1_nndc/graphite.acer 0 1 1  118054 0 0 2.551E-08
  HCH2.71t    0.999167 endfb7.1_nndc/hch2.acer     0 1 1  118274 0 0 2.551E-08
  HH2O.71t    0.999167 endfb7.1_nndc/hh2o.acer     0 1 1  117721 0 0 2.530E-08
  HZrH.71t    0.999167 endfb7.1_nndc/hzrh.acer     0 1 1  118362 0 0 2.551E-08
  lCH4.71t    0.999167 endfb7.1_nndc/lch4.acer     0 1 1  117721 0 0 8.617E-09
  OBeO.71t   15.857510 endfb7.1_nndc/obeo.acer     0 1 1  117721 0 0 2.530E-08
orthoD.71t    1.996800 endfb7.1_nndc/orthod.acer   0 1 1  117721 0 0 1.637E-09
orthoH.71t    0.999167 endfb7.1_nndc/orthoh.acer   0 1 1  117721 0 0 1.723E-09
  OUO2.71t   15.857510 endfb7.1_nndc/ouo2.acer     0 1 1  117721 0 0 2.551E-08
 paraD.71t    1.996800 endfb7.1_nndc/parad.acer    0 1 1  117721 0 0 1.637E-09
 paraH.71t    0.999167 endfb7.1_nndc/parah.acer    0 1 1  117721 0 0 1.723E-09
  sCH4.71t    0.999167 endfb7.1_nndc/sch4.acer     0 1 1  117721 0 0 1.896E-09
  UUO2.71t  236.005800 endfb7.1_nndc/uuo2.acer     0 1 1  117721 0 0 2.551E-08
 ZrZrH.71t   89.132400 endfb7.1_nndc/zrzrh.acer    0 1 1  118314 0 0 2.551E-08
1001.71c 0.999167 endfb7.1_nndc/H_001_293.6K.ace 0 1 1 8177 0 0 2.530E-08
1002.71c 1.996800 endfb7.1_nndc/H_002_293.6K.ace 0 1 1 10452 0 0 2.530E-08
1003.71c 2.989596 endfb7.1_nndc/H_003_293.6K.ace 0 1 1 11728 0 0 2.530E-08
2003.71c 2.989032 endfb7.1_nndc/He_003_293.6K.ace 0 1 1 10004 0 0 2.530E-08
2004.71c 3.968219 endfb7.1_nndc/He_004_293.6K.ace 0 1 1 10421 0 0 2.530E-08
3006.71c 5.963400 endfb7.1_nndc/Li_006_293.6K.ace 0 1 1 35810 0 0 2.530E-08
3007.71c 6.955732 endfb7.1_nndc/Li_007_293.6K.ace 0 1 1 19687 0 0 2.530E-08
4007.71c 6.954500 endfb7.1_nndc/Be_007_293.6K.ace 0 1 1 32760 0 0 2.530E-08
4009.71c 8.934780 endfb7.1_nndc/Be_009_293.6K.ace 0 1 1 580783 0 0 2.530E-08
5010.71c 9.926921 endfb7.1_nndc/B_010_293.6K.ace 0 1 1 54514 0 0 2.530E-08
5011.71c 10.914700 endfb7.1_nndc/B_011_293.6K.ace 0 1 1 150161 0 0 2.530E-08
6000.71c 11.898000 endfb7.1_nndc/C_000_293.6K.ace 0 1 1 79690 0 0 2.530E-08
7014.71c 13.882780 endfb7.1_nndc/N_014_293.6K.ace 0 1 1 145379 0 0 2.530E-08
7015.71c 14.871000 endfb7.1_nndc/N_015_293.6K.ace 0 1 1 31819 0 0 2.530E-08
8016.71c 15.857510 endfb7.1_nndc/O_016_293.6K.ace 0 1 1 409225 0 0 2.530E-08
8017.71c 16.853100 endfb7.1_nndc/O_017_293.6K.ace 0 1 1 8169 0 0 2.530E-08
9019.71c 18.835000 endfb7.1_nndc/F_019_293.6K.ace 0 1 1 130477 0 0 2.530E-08
11022.71c 21.805500 endfb7.1_nndc/Na_022_293.6K.ace 0 1 1 18572 0 0 2.530E-08 ptable
11023.71c 22.792000 endfb7.1_nndc/Na_023_293.6K.ace 0 1 1 71666 0 0 2.530E-08
12024.71c 23.779000 endfb7.1_nndc/Mg_024_293.6K.ace 0 1 1 49276 0 0 2.530E-08
12025.71c 24.771200 endfb7.1_nndc/Mg_025_293.6K.ace 0 1 1 47038 0 0 2.530E-08
12026.71c 25.759400 endfb7.1_nndc/Mg_026_293.6K.ace 0 1 1 37796 0 0 2.530E-08
13027.71c 26.749750 endfb7.1_nndc/Al_027_293.6K.ace 0 1 1 235601 0 0 2.530E-08
14028.71c 27.737000 endfb7.1_nndc/Si_028_293.6K.ace 0 1 1 268701 0 0 2.530E-08
14029.71c 28.728000 endfb7.1_nndc/Si_029_293.6K.ace 0 1 1 253411 0 0 2.530E-08
14030.71c 29.716000 endfb7.1_nndc/Si_030_293.6K.ace 0 1 1 199407 0 0 2.530E-08
15031.71c 30.708000 endfb7.1_nndc/P_031_293.6K.ace 0 1 1 71982 0 0 2.530E-08
16032.71c 31.697300 endfb7.1_nndc/S_032_293.6K.ace 0 1 1 135687 0 0 2.530E-08
16033.71c 32.687800 endfb7.1_nndc/S_033_293.6K.ace 0 1 1 56789 0 0 2.530E-08
16034.71c 33.676200 endfb7.1_nndc/S_034_293.6K.ace 0 1 1 40845 0 0 2.530E-08
16036.71c 35.658000 endfb7.1_nndc/S_036_293.6K.ace 0 1 1 28871 0 0 2.530E-08
17035.71c 34.668450 endfb7.1_nndc/Cl_035_293.6K.ace 0 1 1 657809 0 0 2.530E-08
17037.71c 36.648300 endfb7.1_nndc/Cl_037_293.6K.ace 0 1 1 217542 0 0 2.530E-08
18036.71c 35.658500 endfb7.1_nndc/Ar_036_293.6K.ace 0 1 1 17731 0 0 2.530E-08 ptable
18038.71c 37.636600 endfb7.1_nndc/Ar_038_293.6K.ace 0 1 1 15753 0 0 2.530E-08 ptable
18040.71c 39.619100 endfb7.1_nndc/Ar_040_293.6K.ace 0 1 1 203579 0 0 2.530E-08
19039.71c 38.629300 endfb7.1_nndc/K_039_293.6K.ace 0 1 1 275932 0 0 2.530E-08
19040.71c 39.620700 endfb7.1_nndc/K_040_293.6K.ace 0 1 1 39638 0 0 2.530E-08
19041.71c 40.610100 endfb7.1_nndc/K_041_293.6K.ace 0 1 1 332470 0 0 2.530E-08
20040.71c 39.619300 endfb7.1_nndc/Ca_040_293.6K.ace 0 1 1 389049 0 0 2.530E-08
20042.71c 41.598180 endfb7.1_nndc/Ca_042_293.6K.ace 0 1 1 323478 0 0 2.530E-08
20043.71c 42.589730 endfb7.1_nndc/Ca_043_293.6K.ace 0 1 1 356355 0 0 2.530E-08
20044.71c 43.577880 endfb7.1_nndc/Ca_044_293.6K.ace 0 1 1 225970 0 0 2.530E-08
20046.71c 45.558930 endfb7.1_nndc/Ca_046_293.6K.ace 0 1 1 168274 0 0 2.530E-08
20048.71c 47.540600 endfb7.1_nndc/Ca_048_293.6K.ace 0 1 1 146859 0 0 2.530E-08
21045.71c 44.567900 endfb7.1_nndc/Sc_045_293.6K.ace 0 1 1 292528 0 0 2.530E-08
22046.71c 45.557900 endfb7.1_nndc/Ti_046_293.6K.ace 0 1 1 291996 0 0 2.530E-08
22047.71c 46.548400 endfb7.1_nndc/Ti_047_293.6K.ace 0 1 1 231954 0 0 2.530E-08
22048.71c 47.536100 endfb7.1_nndc/Ti_048_293.6K.ace 0 1 1 264764 0 0 2.530E-08
22049.71c 48.527400 endfb7.1_nndc/Ti_049_293.6K.ace 0 1 1 216048 0 0 2.530E-08
22050.71c 49.515700 endfb7.1_nndc/Ti_050_293.6K.ace 0 1 1 161744 0 0 2.530E-08
23050.71c 49.518100 endfb7.1_nndc/V_050_293.6K.ace 0 1 1 274809 0 0 2.530E-08
23051.71c 50.506300 endfb7.1_nndc/V_051_293.6K.ace 0 1 1 396189 0 0 2.530E-08
24050.71c 49.517000 endfb7.1_nndc/Cr_050_293.6K.ace 0 1 1 443337 0 0 2.530E-08
24052.71c 51.494000 endfb7.1_nndc/Cr_052_293.6K.ace 0 1 1 450417 0 0 2.530E-08
24053.71c 52.486000 endfb7.1_nndc/Cr_053_293.6K.ace 0 1 1 375496 0 0 2.530E-08
24054.71c 53.476000 endfb7.1_nndc/Cr_054_293.6K.ace 0 1 1 276496 0 0 2.530E-08
25055.71c 54.466100 endfb7.1_nndc/Mn_055_293.6K.ace 0 1 1 588780 0 0 2.530E-08 ptable
26054.71c 53.476000 endfb7.1_nndc/Fe_054_293.6K.ace 0 1 1 333634 0 0 2.530E-08
26056.71c 55.454000 endfb7.1_nndc/Fe_056_293.6K.ace 0 1 1 504913 0 0 2.530E-08
26057.71c 56.446000 endfb7.1_nndc/Fe_057_293.6K.ace 0 1 1 321816 0 0 2.530E-08
26058.71c 57.436000 endfb7.1_nndc/Fe_058_293.6K.ace 0 1 1 173022 0 0 2.530E-08
27058.71c 57.438100 endfb7.1_nndc/Co_058_293.6K.ace 0 1 1 247618 0 0 2.530E-08 ptable
27458.71c 57.438100 endfb7.1_nndc/Co_058m1_293.6K.ace 0 1 1 16806 0 0 2.530E-08
27059.71c 58.426900 endfb7.1_nndc/Co_059_293.6K.ace 0 1 1 281204 0 0 2.530E-08
28058.71c 57.438000 endfb7.1_nndc/Ni_058_293.6K.ace 0 1 1 695990 0 0 2.530E-08
28059.71c 58.428100 endfb7.1_nndc/Ni_059_293.6K.ace 0 1 1 65362 0 0 2.530E-08
28060.71c 59.416000 endfb7.1_nndc/Ni_060_293.6K.ace 0 1 1 625490 0 0 2.530E-08
28061.71c 60.408000 endfb7.1_nndc/Ni_061_293.6K.ace 0 1 1 284144 0 0 2.530E-08
28062.71c 61.396000 endfb7.1_nndc/Ni_062_293.6K.ace 0 1 1 254565 0 0 2.530E-08 ptable
28064.71c 63.379000 endfb7.1_nndc/Ni_064_293.6K.ace 0 1 1 220934 0 0 2.530E-08
29063.71c 62.389000 endfb7.1_nndc/Cu_063_293.6K.ace 0 1 1 357944 0 0 2.530E-08
29065.71c 64.370000 endfb7.1_nndc/Cu_065_293.6K.ace 0 1 1 314305 0 0 2.530E-08
30064.71c 63.380000 endfb7.1_nndc/Zn_064_293.6K.ace 0 1 1 528372 0 0 2.530E-08 ptable
30065.71c 64.371500 endfb7.1_nndc/Zn_065_293.6K.ace 0 1 1 201659 0 0 2.530E-08 ptable
30066.71c 65.359700 endfb7.1_nndc/Zn_066_293.6K.ace 0 1 1 383954 0 0 2.530E-08 ptable
30067.71c 66.352200 endfb7.1_nndc/Zn_067_293.6K.ace 0 1 1 517765 0 0 2.530E-08 ptable
30068.71c 67.341300 endfb7.1_nndc/Zn_068_293.6K.ace 0 1 1 290818 0 0 2.530E-08 ptable
30070.71c 69.324600 endfb7.1_nndc/Zn_070_293.6K.ace 0 1 1 257436 0 0 2.530E-08 ptable
31069.71c 68.333600 endfb7.1_nndc/Ga_069_293.6K.ace 0 1 1 90015 0 0 2.530E-08
31071.71c 70.315000 endfb7.1_nndc/Ga_071_293.6K.ace 0 1 1 79162 0 0 2.530E-08
32070.71c 69.323600 endfb7.1_nndc/Ge_070_293.6K.ace 0 1 1 417221 0 0 2.530E-08 ptable
32072.71c 71.304200 endfb7.1_nndc/Ge_072_293.6K.ace 0 1 1 248206 0 0 2.530E-08 ptable
32073.71c 72.297000 endfb7.1_nndc/Ge_073_293.6K.ace 0 1 1 627788 0 0 2.530E-08 ptable
32074.71c 73.286200 endfb7.1_nndc/Ge_074_293.6K.ace 0 1 1 130456 0 0 2.530E-08 ptable
32076.71c 75.269200 endfb7.1_nndc/Ge_076_293.6K.ace 0 1 1 134084 0 0 2.530E-08 ptable
33074.71c 73.288900 endfb7.1_nndc/As_074_293.6K.ace 0 1 1 278547 0 0 2.530E-08 ptable
33075.71c 74.278000 endfb7.1_nndc/As_075_293.6K.ace 0 1 1 424129 0 0 2.530E-08 ptable
34074.71c 73.287500 endfb7.1_nndc/Se_074_293.6K.ace 0 1 1 77404 0 0 2.530E-08 ptable
34076.71c 75.267000 endfb7.1_nndc/Se_076_293.6K.ace 0 1 1 134233 0 0 2.530E-08 ptable
34077.71c 76.259100 endfb7.1_nndc/Se_077_293.6K.ace 0 1 1 154592 0 0 2.530E-08 ptable
34078.71c 77.247900 endfb7.1_nndc/Se_078_293.6K.ace 0 1 1 98710 0 0 2.530E-08 ptable
34079.71c 78.240500 endfb7.1_nndc/Se_079_293.6K.ace 0 1 1 111656 0 0 2.530E-08 ptable
34080.71c 79.230000 endfb7.1_nndc/Se_080_293.6K.ace 0 1 1 110962 0 0 2.530E-08 ptable
34082.71c 81.213000 endfb7.1_nndc/Se_082_293.6K.ace 0 1 1 53261 0 0 2.530E-08 ptable
35079.71c 78.240300 endfb7.1_nndc/Br_079_293.6K.ace 0 1 1 304367 0 0 2.530E-08 ptable
35081.71c 80.221200 endfb7.1_nndc/Br_081_293.6K.ace 0 1 1 282386 0 0 2.530E-08 ptable
36078.71c 77.250990 endfb7.1_nndc/Kr_078_293.6K.ace 0 1 1 805929 0 0 2.530E-08 ptable
36080.71c 79.229900 endfb7.1_nndc/Kr_080_293.6K.ace 0 1 1 109652 0 0 2.530E-08 ptable
36082.71c 81.209800 endfb7.1_nndc/Kr_082_293.6K.ace 0 1 1 75059 0 0 2.530E-08 ptable
36083.71c 82.202000 endfb7.1_nndc/Kr_083_293.6K.ace 0 1 1 62906 0 0 2.530E-08 ptable
36084.71c 83.190700 endfb7.1_nndc/Kr_084_293.6K.ace 0 1 1 134261 0 0 2.530E-08
36085.71c 84.183100 endfb7.1_nndc/Kr_085_293.6K.ace 0 1 1 190030 0 0 2.530E-08 ptable
36086.71c 85.172600 endfb7.1_nndc/Kr_086_293.6K.ace 0 1 1 137821 0 0 2.530E-08
37085.71c 84.182400 endfb7.1_nndc/Rb_085_293.6K.ace 0 1 1 198328 0 0 2.530E-08 ptable
37086.71c 85.173100 endfb7.1_nndc/Rb_086_293.6K.ace 0 1 1 260966 0 0 2.530E-08 ptable
37087.71c 86.162600 endfb7.1_nndc/Rb_087_293.6K.ace 0 1 1 72224 0 0 2.530E-08 ptable
38084.71c 83.192600 endfb7.1_nndc/Sr_084_293.6K.ace 0 1 1 171553 0 0 2.530E-08 ptable
38086.71c 85.171300 endfb7.1_nndc/Sr_086_293.6K.ace 0 1 1 91635 0 0 2.530E-08 ptable
38087.71c 86.162300 endfb7.1_nndc/Sr_087_293.6K.ace 0 1 1 165424 0 0 2.530E-08 ptable
38088.71c 87.150000 endfb7.1_nndc/Sr_088_293.6K.ace 0 1 1 134223 0 0 2.530E-08
38089.71c 88.144000 endfb7.1_nndc/Sr_089_293.6K.ace 0 1 1 73708 0 0 2.530E-08 ptable
38090.71c 89.135300 endfb7.1_nndc/Sr_090_293.6K.ace 0 1 1 47336 0 0 2.530E-08 ptable
39089.71c 88.142100 endfb7.1_nndc/Y_089_293.6K.ace 0 1 1 334153 0 0 2.530E-08
39090.71c 89.134800 endfb7.1_nndc/Y_090_293.6K.ace 0 1 1 273954 0 0 2.530E-08 ptable
39091.71c 90.126400 endfb7.1_nndc/Y_091_293.6K.ace 0 1 1 98542 0 0 2.530E-08 ptable
40090.71c 89.132400 endfb7.1_nndc/Zr_090_293.6K.ace 0 1 1 211536 0 0 2.530E-08 ptable
40091.71c 90.124700 endfb7.1_nndc/Zr_091_293.6K.ace 0 1 1 553944 0 0 2.530E-08 ptable
40092.71c 91.115500 endfb7.1_nndc/Zr_092_293.6K.ace 0 1 1 337198 0 0 2.530E-08 ptable
40093.71c 92.108400 endfb7.1_nndc/Zr_093_293.6K.ace 0 1 1 527786 0 0 2.530E-08 ptable
40094.71c 93.099600 endfb7.1_nndc/Zr_094_293.6K.ace 0 1 1 320755 0 0 2.530E-08 ptable
40095.71c 94.092700 endfb7.1_nndc/Zr_095_293.6K.ace 0 1 1 261133 0 0 2.530E-08 ptable
40096.71c 95.084400 endfb7.1_nndc/Zr_096_293.6K.ace 0 1 1 220944 0 0 2.530E-08
41093.71c 92.105100 endfb7.1_nndc/Nb_093_293.6K.ace 0 1 1 410960 0 0 2.530E-08
41094.71c 93.100600 endfb7.1_nndc/Nb_094_293.6K.ace 0 1 1 121320 0 0 2.530E-08 ptable
41095.71c 94.091500 endfb7.1_nndc/Nb_095_293.6K.ace 0 1 1 91055 0 0 2.530E-08 ptable
42092.71c 91.117300 endfb7.1_nndc/Mo_092_293.6K.ace 0 1 1 246115 0 0 2.530E-08 ptable
42094.71c 93.098400 endfb7.1_nndc/Mo_094_293.6K.ace 0 1 1 263309 0 0 2.530E-08 ptable
42095.71c 94.090600 endfb7.1_nndc/Mo_095_293.6K.ace 0 1 1 285104 0 0 2.530E-08 ptable
42096.71c 95.080800 endfb7.1_nndc/Mo_096_293.6K.ace 0 1 1 278541 0 0 2.530E-08 ptable
42097.71c 96.073500 endfb7.1_nndc/Mo_097_293.6K.ace 0 1 1 302273 0 0 2.530E-08 ptable
42098.71c 97.064300 endfb7.1_nndc/Mo_098_293.6K.ace 0 1 1 327739 0 0 2.530E-08 ptable
42099.71c 98.058000 endfb7.1_nndc/Mo_099_293.6K.ace 0 1 1 74147 0 0 2.530E-08 ptable
42100.71c 99.049000 endfb7.1_nndc/Mo_100_293.6K.ace 0 1 1 192313 0 0 2.530E-08 ptable
43099.71c 98.056600 endfb7.1_nndc/Tc_099_293.6K.ace 0 1 1 730107 0 0 2.530E-08 ptable
44096.71c 95.083700 endfb7.1_nndc/Ru_096_293.6K.ace 0 1 1 82289 0 0 2.530E-08 ptable
44098.71c 97.064200 endfb7.1_nndc/Ru_098_293.6K.ace 0 1 1 81962 0 0 2.530E-08 ptable
44099.71c 98.056200 endfb7.1_nndc/Ru_099_293.6K.ace 0 1 1 139275 0 0 2.530E-08 ptable
44100.71c 99.046000 endfb7.1_nndc/Ru_100_293.6K.ace 0 1 1 176449 0 0 2.530E-08 ptable
44101.71c 100.039000 endfb7.1_nndc/Ru_101_293.6K.ace 0 1 1 311576 0 0 2.530E-08 ptable
44102.71c 101.030000 endfb7.1_nndc/Ru_102_293.6K.ace 0 1 1 204690 0 0 2.530E-08 ptable
44103.71c 102.020000 endfb7.1_nndc/Ru_103_293.6K.ace 0 1 1 114825 0 0 2.530E-08 ptable
44104.71c 103.010000 endfb7.1_nndc/Ru_104_293.6K.ace 0 1 1 178216 0 0 2.530E-08 ptable
44105.71c 104.010000 endfb7.1_nndc/Ru_105_293.6K.ace 0 1 1 56413 0 0 2.530E-08
44106.71c 104.997000 endfb7.1_nndc/Ru_106_293.6K.ace 0 1 1 44772 0 0 2.530E-08 ptable
45103.71c 102.021000 endfb7.1_nndc/Rh_103_293.6K.ace 0 1 1 478899 0 0 2.530E-08 ptable
45105.71c 104.000000 endfb7.1_nndc/Rh_105_293.6K.ace 0 1 1 63844 0 0 2.530E-08 ptable
46102.71c 101.030200 endfb7.1_nndc/Pd_102_293.6K.ace 0 1 1 198826 0 0 2.530E-08
46104.71c 103.011400 endfb7.1_nndc/Pd_104_293.6K.ace 0 1 1 708309 0 0 2.530E-08
46105.71c 104.004000 endfb7.1_nndc/Pd_105_293.6K.ace 0 1 1 419656 0 0 2.530E-08 ptable
46106.71c 104.993700 endfb7.1_nndc/Pd_106_293.6K.ace 0 1 1 588723 0 0 2.530E-08
46107.71c 105.987000 endfb7.1_nndc/Pd_107_293.6K.ace 0 1 1 179300 0 0 2.530E-08 ptable
46108.71c 106.976900 endfb7.1_nndc/Pd_108_293.6K.ace 0 1 1 576811 0 0 2.530E-08
46110.71c 108.961000 endfb7.1_nndc/Pd_110_293.6K.ace 0 1 1 529561 0 0 2.530E-08
47107.71c 105.987000 endfb7.1_nndc/Ag_107_293.6K.ace 0 1 1 426534 0 0 2.530E-08 ptable
47109.71c 107.969000 endfb7.1_nndc/Ag_109_293.6K.ace 0 1 1 587291 0 0 2.530E-08 ptable
47510.71c 108.962000 endfb7.1_nndc/Ag_110m1_293.6K.ace 0 1 1 138202 0 0 2.530E-08 ptable
47111.71c 109.953000 endfb7.1_nndc/Ag_111_293.6K.ace 0 1 1 252716 0 0 2.530E-08 ptable
48106.71c 104.996000 endfb7.1_nndc/Cd_106_293.6K.ace 0 1 1 164130 0 0 2.530E-08 ptable
48108.71c 106.977000 endfb7.1_nndc/Cd_108_293.6K.ace 0 1 1 109398 0 0 2.530E-08 ptable
48110.71c 108.959000 endfb7.1_nndc/Cd_110_293.6K.ace 0 1 1 151524 0 0 2.530E-08 ptable
48111.71c 109.951000 endfb7.1_nndc/Cd_111_293.6K.ace 0 1 1 267076 0 0 2.530E-08 ptable
48112.71c 110.942000 endfb7.1_nndc/Cd_112_293.6K.ace 0 1 1 184101 0 0 2.530E-08 ptable
48113.71c 111.930000 endfb7.1_nndc/Cd_113_293.6K.ace 0 1 1 364545 0 0 2.530E-08 ptable
48114.71c 112.925000 endfb7.1_nndc/Cd_114_293.6K.ace 0 1 1 117426 0 0 2.530E-08 ptable
48515.71c 113.918000 endfb7.1_nndc/Cd_115m1_293.6K.ace 0 1 1 220234 0 0 2.530E-08 ptable
48116.71c 114.909000 endfb7.1_nndc/Cd_116_293.6K.ace 0 1 1 78475 0 0 2.530E-08 ptable
49113.71c 111.934000 endfb7.1_nndc/In_113_293.6K.ace 0 1 1 179780 0 0 2.530E-08 ptable
49115.71c 113.917000 endfb7.1_nndc/In_115_293.6K.ace 0 1 1 288555 0 0 2.530E-08 ptable
50112.71c 110.944000 endfb7.1_nndc/Sn_112_293.6K.ace 0 1 1 123802 0 0 2.530E-08 ptable
50113.71c 111.935000 endfb7.1_nndc/Sn_113_293.6K.ace 0 1 1 552241 0 0 2.530E-08 ptable
50114.71c 112.925000 endfb7.1_nndc/Sn_114_293.6K.ace 0 1 1 127604 0 0 2.530E-08 ptable
50115.71c 113.916000 endfb7.1_nndc/Sn_115_293.6K.ace 0 1 1 92335 0 0 2.530E-08 ptable
50116.71c 114.906000 endfb7.1_nndc/Sn_116_293.6K.ace 0 1 1 261552 0 0 2.530E-08 ptable
50117.71c 115.899000 endfb7.1_nndc/Sn_117_293.6K.ace 0 1 1 146215 0 0 2.530E-08 ptable
50118.71c 116.889000 endfb7.1_nndc/Sn_118_293.6K.ace 0 1 1 71636 0 0 2.530E-08 ptable
50119.71c 117.882000 endfb7.1_nndc/Sn_119_293.6K.ace 0 1 1 123258 0 0 2.530E-08 ptable
50120.71c 118.872000 endfb7.1_nndc/Sn_120_293.6K.ace 0 1 1 232279 0 0 2.530E-08 ptable
50122.71c 120.856000 endfb7.1_nndc/Sn_122_293.6K.ace 0 1 1 358217 0 0 2.530E-08
50123.71c 121.850000 endfb7.1_nndc/Sn_123_293.6K.ace 0 1 1 63562 0 0 2.530E-08 ptable
50124.71c 122.841000 endfb7.1_nndc/Sn_124_293.6K.ace 0 1 1 237944 0 0 2.530E-08
50125.71c 123.835000 endfb7.1_nndc/Sn_125_293.6K.ace 0 1 1 173799 0 0 2.530E-08 ptable
50126.71c 124.826000 endfb7.1_nndc/Sn_126_293.6K.ace 0 1 1 45336 0 0 2.530E-08 ptable
51121.71c 119.870000 endfb7.1_nndc/Sb_121_293.6K.ace 0 1 1 287015 0 0 2.530E-08 ptable
51123.71c 121.850000 endfb7.1_nndc/Sb_123_293.6K.ace 0 1 1 259240 0 0 2.530E-08 ptable
51124.71c 122.842000 endfb7.1_nndc/Sb_124_293.6K.ace 0 1 1 59216 0 0 2.530E-08 ptable
51125.71c 123.832000 endfb7.1_nndc/Sb_125_293.6K.ace 0 1 1 109835 0 0 2.530E-08 ptable
51126.71c 124.826000 endfb7.1_nndc/Sb_126_293.6K.ace 0 1 1 292599 0 0 2.530E-08 ptable
52120.71c 118.874000 endfb7.1_nndc/Te_120_293.6K.ace 0 1 1 73618 0 0 2.530E-08 ptable
52122.71c 120.856000 endfb7.1_nndc/Te_122_293.6K.ace 0 1 1 300824 0 0 2.530E-08 ptable
52123.71c 121.848000 endfb7.1_nndc/Te_123_293.6K.ace 0 1 1 188085 0 0 2.530E-08 ptable
52124.71c 122.839000 endfb7.1_nndc/Te_124_293.6K.ace 0 1 1 234660 0 0 2.530E-08 ptable
52125.71c 123.831000 endfb7.1_nndc/Te_125_293.6K.ace 0 1 1 322398 0 0 2.530E-08 ptable
52126.71c 124.821000 endfb7.1_nndc/Te_126_293.6K.ace 0 1 1 134234 0 0 2.530E-08 ptable
52527.71c 125.815000 endfb7.1_nndc/Te_127m1_293.6K.ace 0 1 1 83887 0 0 2.530E-08 ptable
52128.71c 126.805000 endfb7.1_nndc/Te_128_293.6K.ace 0 1 1 111276 0 0 2.530E-08 ptable
52529.71c 127.800000 endfb7.1_nndc/Te_129m1_293.6K.ace 0 1 1 97006 0 0 2.530E-08 ptable
52130.71c 128.790000 endfb7.1_nndc/Te_130_293.6K.ace 0 1 1 79529 0 0 2.530E-08 ptable
52132.71c 130.775000 endfb7.1_nndc/Te_132_293.6K.ace 0 1 1 264418 0 0 2.530E-08 ptable
53127.71c 125.814300 endfb7.1_nndc/I_127_293.6K.ace 0 1 1 1295282 0 0 2.530E-08
53129.71c 127.798000 endfb7.1_nndc/I_129_293.6K.ace 0 1 1 221859 0 0 2.530E-08 ptable
53130.71c 128.791000 endfb7.1_nndc/I_130_293.6K.ace 0 1 1 352459 0 0 2.530E-08 ptable
53131.71c 129.781000 endfb7.1_nndc/I_131_293.6K.ace 0 1 1 83508 0 0 2.530E-08 ptable
53135.71c 133.750000 endfb7.1_nndc/I_135_293.6K.ace 0 1 1 34224 0 0 2.530E-08
54123.71c 121.852600 endfb7.1_nndc/Xe_123_293.6K.ace 0 1 1 843794 0 0 2.530E-08
54124.71c 122.841500 endfb7.1_nndc/Xe_124_293.6K.ace 0 1 1 780526 0 0 2.530E-08 ptable
54126.71c 124.822000 endfb7.1_nndc/Xe_126_293.6K.ace 0 1 1 88256 0 0 2.530E-08 ptable
54128.71c 126.804000 endfb7.1_nndc/Xe_128_293.6K.ace 0 1 1 117726 0 0 2.530E-08 ptable
54129.71c 127.798000 endfb7.1_nndc/Xe_129_293.6K.ace 0 1 1 202577 0 0 2.530E-08 ptable
54130.71c 128.788000 endfb7.1_nndc/Xe_130_293.6K.ace 0 1 1 48420 0 0 2.530E-08
54131.71c 129.781000 endfb7.1_nndc/Xe_131_293.6K.ace 0 1 1 306485 0 0 2.530E-08 ptable
54132.71c 130.770000 endfb7.1_nndc/Xe_132_293.6K.ace 0 1 1 70880 0 0 2.530E-08 ptable
54133.71c 131.764000 endfb7.1_nndc/Xe_133_293.6K.ace 0 1 1 76075 0 0 2.530E-08 ptable
54134.71c 132.760000 endfb7.1_nndc/Xe_134_293.6K.ace 0 1 1 58178 0 0 2.530E-08 ptable
54135.71c 133.748000 endfb7.1_nndc/Xe_135_293.6K.ace 0 1 1 78620 0 0 2.530E-08 ptable
54136.71c 134.740000 endfb7.1_nndc/Xe_136_293.6K.ace 0 1 1 79527 0 0 2.530E-08
55133.71c 131.764000 endfb7.1_nndc/Cs_133_293.6K.ace 0 1 1 432389 0 0 2.530E-08 ptable
55134.71c 132.757000 endfb7.1_nndc/Cs_134_293.6K.ace 0 1 1 137925 0 0 2.530E-08 ptable
55135.71c 133.747000 endfb7.1_nndc/Cs_135_293.6K.ace 0 1 1 69025 0 0 2.530E-08 ptable
55136.71c 134.739000 endfb7.1_nndc/Cs_136_293.6K.ace 0 1 1 55748 0 0 2.530E-08 ptable
55137.71c 135.731000 endfb7.1_nndc/Cs_137_293.6K.ace 0 1 1 59537 0 0 2.530E-08 ptable
56130.71c 128.790000 endfb7.1_nndc/Ba_130_293.6K.ace 0 1 1 155972 0 0 2.530E-08 ptable
56132.71c 130.772000 endfb7.1_nndc/Ba_132_293.6K.ace 0 1 1 75914 0 0 2.530E-08 ptable
56133.71c 131.764000 endfb7.1_nndc/Ba_133_293.6K.ace 0 1 1 363529 0 0 2.530E-08 ptable
56134.71c 132.754000 endfb7.1_nndc/Ba_134_293.6K.ace 0 1 1 173981 0 0 2.530E-08 ptable
56135.71c 133.747000 endfb7.1_nndc/Ba_135_293.6K.ace 0 1 1 208764 0 0 2.530E-08 ptable
56136.71c 134.737000 endfb7.1_nndc/Ba_136_293.6K.ace 0 1 1 172169 0 0 2.530E-08 ptable
56137.71c 135.730000 endfb7.1_nndc/Ba_137_293.6K.ace 0 1 1 141688 0 0 2.530E-08 ptable
56138.71c 136.720000 endfb7.1_nndc/Ba_138_293.6K.ace 0 1 1 72436 0 0 2.530E-08
56140.71c 138.708000 endfb7.1_nndc/Ba_140_293.6K.ace 0 1 1 34681 0 0 2.530E-08 ptable
57138.71c 136.722000 endfb7.1_nndc/La_138_293.6K.ace 0 1 1 108925 0 0 2.530E-08 ptable
57139.71c 137.710000 endfb7.1_nndc/La_139_293.6K.ace 0 1 1 210034 0 0 2.530E-08 ptable
57140.71c 138.708000 endfb7.1_nndc/La_140_293.6K.ace 0 1 1 383354 0 0 2.530E-08 ptable
58136.71c 134.740000 endfb7.1_nndc/Ce_136_293.6K.ace 0 1 1 200103 0 0 2.530E-08 ptable
58138.71c 136.721000 endfb7.1_nndc/Ce_138_293.6K.ace 0 1 1 201299 0 0 2.530E-08 ptable
58139.71c 137.713000 endfb7.1_nndc/Ce_139_293.6K.ace 0 1 1 297645 0 0 2.530E-08 ptable
58140.71c 138.704000 endfb7.1_nndc/Ce_140_293.6K.ace 0 1 1 250108 0 0 2.530E-08
58141.71c 139.700000 endfb7.1_nndc/Ce_141_293.6K.ace 0 1 1 92141 0 0 2.530E-08 ptable
58142.71c 140.690000 endfb7.1_nndc/Ce_142_293.6K.ace 0 1 1 109615 0 0 2.530E-08 ptable
58143.71c 141.685000 endfb7.1_nndc/Ce_143_293.6K.ace 0 1 1 280319 0 0 2.530E-08 ptable
58144.71c 142.678000 endfb7.1_nndc/Ce_144_293.6K.ace 0 1 1 54584 0 0 2.530E-08 ptable
59141.71c 139.697000 endfb7.1_nndc/Pr_141_293.6K.ace 0 1 1 395674 0 0 2.530E-08 ptable
59142.71c 140.691000 endfb7.1_nndc/Pr_142_293.6K.ace 0 1 1 585343 0 0 2.530E-08 ptable
59143.71c 141.683000 endfb7.1_nndc/Pr_143_293.6K.ace 0 1 1 85543 0 0 2.530E-08 ptable
60142.71c 140.689000 endfb7.1_nndc/Nd_142_293.6K.ace 0 1 1 315205 0 0 2.530E-08 ptable
60143.71c 141.682000 endfb7.1_nndc/Nd_143_293.6K.ace 0 1 1 468193 0 0 2.530E-08 ptable
60144.71c 142.674000 endfb7.1_nndc/Nd_144_293.6K.ace 0 1 1 324118 0 0 2.530E-08 ptable
60145.71c 143.668000 endfb7.1_nndc/Nd_145_293.6K.ace 0 1 1 520300 0 0 2.530E-08 ptable
60146.71c 144.660000 endfb7.1_nndc/Nd_146_293.6K.ace 0 1 1 304591 0 0 2.530E-08 ptable
60147.71c 145.654000 endfb7.1_nndc/Nd_147_293.6K.ace 0 1 1 275021 0 0 2.530E-08 ptable
60148.71c 146.646000 endfb7.1_nndc/Nd_148_293.6K.ace 0 1 1 367193 0 0 2.530E-08 ptable
60150.71c 148.633000 endfb7.1_nndc/Nd_150_293.6K.ace 0 1 1 332920 0 0 2.530E-08 ptable
61147.71c 145.653000 endfb7.1_nndc/Pm_147_293.6K.ace 0 1 1 101636 0 0 2.530E-08 ptable
61148.71c 146.646000 endfb7.1_nndc/Pm_148_293.6K.ace 0 1 1 63470 0 0 2.530E-08 ptable
61548.71c 146.650000 endfb7.1_nndc/Pm_148m1_293.6K.ace 0 1 1 42690 0 0 2.530E-08
61149.71c 147.639000 endfb7.1_nndc/Pm_149_293.6K.ace 0 1 1 83388 0 0 2.530E-08 ptable
61151.71c 149.625000 endfb7.1_nndc/Pm_151_293.6K.ace 0 1 1 234750 0 0 2.530E-08 ptable
62144.71c 142.676000 endfb7.1_nndc/Sm_144_293.6K.ace 0 1 1 301522 0 0 2.530E-08 ptable
62147.71c 145.653000 endfb7.1_nndc/Sm_147_293.6K.ace 0 1 1 608884 0 0 2.530E-08 ptable
62148.71c 146.644000 endfb7.1_nndc/Sm_148_293.6K.ace 0 1 1 199336 0 0 2.530E-08 ptable
62149.71c 147.638000 endfb7.1_nndc/Sm_149_293.6K.ace 0 1 1 478944 0 0 2.530E-08 ptable
62150.71c 148.629000 endfb7.1_nndc/Sm_150_293.6K.ace 0 1 1 299631 0 0 2.530E-08 ptable
62151.71c 149.623000 endfb7.1_nndc/Sm_151_293.6K.ace 0 1 1 375402 0 0 2.530E-08 ptable
62152.71c 150.615000 endfb7.1_nndc/Sm_152_293.6K.ace 0 1 1 395723 0 0 2.530E-08 ptable
62153.71c 151.608000 endfb7.1_nndc/Sm_153_293.6K.ace 0 1 1 219069 0 0 2.530E-08 ptable
62154.71c 152.600000 endfb7.1_nndc/Sm_154_293.6K.ace 0 1 1 269954 0 0 2.530E-08 ptable
63151.71c 149.620000 endfb7.1_nndc/Eu_151_293.6K.ace 0 1 1 133456 0 0 2.530E-08 ptable
63152.71c 150.617000 endfb7.1_nndc/Eu_152_293.6K.ace 0 1 1 124103 0 0 2.530E-08 ptable
63153.71c 151.608000 endfb7.1_nndc/Eu_153_293.6K.ace 0 1 1 257210 0 0 2.530E-08 ptable
63154.71c 152.600000 endfb7.1_nndc/Eu_154_293.6K.ace 0 1 1 62593 0 0 2.530E-08 ptable
63155.71c 153.590000 endfb7.1_nndc/Eu_155_293.6K.ace 0 1 1 49694 0 0 2.530E-08 ptable
63156.71c 154.586000 endfb7.1_nndc/Eu_156_293.6K.ace 0 1 1 70920 0 0 2.530E-08 ptable
63157.71c 155.577000 endfb7.1_nndc/Eu_157_293.6K.ace 0 1 1 301913 0 0 2.530E-08 ptable
64152.71c 150.615000 endfb7.1_nndc/Gd_152_293.6K.ace 0 1 1 521955 0 0 2.530E-08 ptable
64153.71c 151.608000 endfb7.1_nndc/Gd_153_293.6K.ace 0 1 1 336206 0 0 2.530E-08 ptable
64154.71c 152.599000 endfb7.1_nndc/Gd_154_293.6K.ace 0 1 1 606760 0 0 2.530E-08 ptable
64155.71c 153.592000 endfb7.1_nndc/Gd_155_293.6K.ace 0 1 1 343614 0 0 2.530E-08 ptable
64156.71c 154.583000 endfb7.1_nndc/Gd_156_293.6K.ace 0 1 1 441935 0 0 2.530E-08 ptable
64157.71c 155.576000 endfb7.1_nndc/Gd_157_293.6K.ace 0 1 1 394747 0 0 2.530E-08 ptable
64158.71c 156.567000 endfb7.1_nndc/Gd_158_293.6K.ace 0 1 1 440179 0 0 2.530E-08 ptable
64160.71c 158.553000 endfb7.1_nndc/Gd_160_293.6K.ace 0 1 1 371430 0 0 2.530E-08 ptable
65159.71c 157.560000 endfb7.1_nndc/Tb_159_293.6K.ace 0 1 1 347184 0 0 2.530E-08 ptable
65160.71c 158.553000 endfb7.1_nndc/Tb_160_293.6K.ace 0 1 1 192050 0 0 2.530E-08 ptable
66156.71c 154.585000 endfb7.1_nndc/Dy_156_293.6K.ace 0 1 1 267052 0 0 2.530E-08 ptable
66158.71c 156.568000 endfb7.1_nndc/Dy_158_293.6K.ace 0 1 1 240935 0 0 2.530E-08 ptable
66160.71c 158.551000 endfb7.1_nndc/Dy_160_293.6K.ace 0 1 1 345374 0 0 2.530E-08 ptable
66161.71c 159.544000 endfb7.1_nndc/Dy_161_293.6K.ace 0 1 1 520503 0 0 2.530E-08 ptable
66162.71c 160.536000 endfb7.1_nndc/Dy_162_293.6K.ace 0 1 1 368449 0 0 2.530E-08 ptable
66163.71c 161.529000 endfb7.1_nndc/Dy_163_293.6K.ace 0 1 1 399773 0 0 2.530E-08 ptable
66164.71c 162.521000 endfb7.1_nndc/Dy_164_293.6K.ace 0 1 1 325368 0 0 2.530E-08 ptable
67165.71c 163.513000 endfb7.1_nndc/Ho_165_293.6K.ace 0 1 1 337695 0 0 2.530E-08
67566.71c 164.507000 endfb7.1_nndc/Ho_166m1_293.6K.ace 0 1 1 216404 0 0 2.530E-08 ptable
68162.71c 160.538000 endfb7.1_nndc/Er_162_293.6K.ace 0 1 1 105961 0 0 2.530E-08
68164.71c 162.521000 endfb7.1_nndc/Er_164_293.6K.ace 0 1 1 111051 0 0 2.530E-08
68166.71c 164.505000 endfb7.1_nndc/Er_166_293.6K.ace 0 1 1 281304 0 0 2.530E-08
68167.71c 165.498000 endfb7.1_nndc/Er_167_293.6K.ace 0 1 1 425713 0 0 2.530E-08 ptable
68168.71c 166.487000 endfb7.1_nndc/Er_168_293.6K.ace 0 1 1 288990 0 0 2.530E-08
68170.71c 168.476000 endfb7.1_nndc/Er_170_293.6K.ace 0 1 1 161040 0 0 2.530E-08 ptable
69168.71c 166.492000 endfb7.1_nndc/Tm_168_293.6K.ace 0 1 1 494993 0 0 2.530E-08
69169.71c 167.483000 endfb7.1_nndc/Tm_169_293.6K.ace 0 1 1 1209739 0 0 2.530E-08 ptable
69170.71c 168.476000 endfb7.1_nndc/Tm_170_293.6K.ace 0 1 1 541773 0 0 2.530E-08 ptable
71175.71c 173.438000 endfb7.1_nndc/Lu_175_293.6K.ace 0 1 1 141422 0 0 2.530E-08 ptable
71176.71c 174.430000 endfb7.1_nndc/Lu_176_293.6K.ace 0 1 1 75739 0 0 2.530E-08 ptable
72174.71c 172.446000 endfb7.1_nndc/Hf_174_293.6K.ace 0 1 1 79753 0 0 2.530E-08 ptable
72176.71c 174.429000 endfb7.1_nndc/Hf_176_293.6K.ace 0 1 1 118520 0 0 2.530E-08 ptable
72177.71c 175.420000 endfb7.1_nndc/Hf_177_293.6K.ace 0 1 1 251444 0 0 2.530E-08 ptable
72178.71c 176.411000 endfb7.1_nndc/Hf_178_293.6K.ace 0 1 1 129506 0 0 2.530E-08 ptable
72179.71c 177.413000 endfb7.1_nndc/Hf_179_293.6K.ace 0 1 1 191944 0 0 2.530E-08 ptable
72180.71c 178.404000 endfb7.1_nndc/Hf_180_293.6K.ace 0 1 1 136662 0 0 2.530E-08 ptable
73180.71c 178.401600 endfb7.1_nndc/Ta_180_293.6K.ace 0 1 1 826088 0 0 2.530E-08
73181.71c 179.393600 endfb7.1_nndc/Ta_181_293.6K.ace 0 1 1 984125 0 0 2.530E-08 ptable
73182.71c 180.387000 endfb7.1_nndc/Ta_182_293.6K.ace 0 1 1 29998 0 0 2.530E-08 ptable
74180.71c 178.401000 endfb7.1_nndc/W_180_293.6K.ace 0 1 1 1085440 0 0 2.530E-08
74182.71c 180.385000 endfb7.1_nndc/W_182_293.6K.ace 0 1 1 1318828 0 0 2.530E-08 ptable
74183.71c 181.379000 endfb7.1_nndc/W_183_293.6K.ace 0 1 1 1459994 0 0 2.530E-08 ptable
74184.71c 182.371000 endfb7.1_nndc/W_184_293.6K.ace 0 1 1 1030421 0 0 2.530E-08 ptable
74186.71c 184.357000 endfb7.1_nndc/W_186_293.6K.ace 0 1 1 1247151 0 0 2.530E-08 ptable
75185.71c 183.364100 endfb7.1_nndc/Re_185_293.6K.ace 0 1 1 1640226 0 0 2.530E-08 ptable
75187.71c 185.349700 endfb7.1_nndc/Re_187_293.6K.ace 0 1 1 1379362 0 0 2.530E-08 ptable
77191.71c 189.320000 endfb7.1_nndc/Ir_191_293.6K.ace 0 1 1 430974 0 0 2.530E-08
77193.71c 191.305000 endfb7.1_nndc/Ir_193_293.6K.ace 0 1 1 385698 0 0 2.530E-08 ptable
79197.71c 195.274000 endfb7.1_nndc/Au_197_293.6K.ace 0 1 1 410492 0 0 2.530E-08
80196.71c 194.282000 endfb7.1_nndc/Hg_196_293.6K.ace 0 1 1 152809 0 0 2.530E-08
80198.71c 196.266000 endfb7.1_nndc/Hg_198_293.6K.ace 0 1 1 172138 0 0 2.530E-08
80199.71c 197.259000 endfb7.1_nndc/Hg_199_293.6K.ace 0 1 1 172994 0 0 2.530E-08
80200.71c 198.250000 endfb7.1_nndc/Hg_200_293.6K.ace 0 1 1 193115 0 0 2.530E-08
80201.71c 199.244000 endfb7.1_nndc/Hg_201_293.6K.ace 0 1 1 166046 0 0 2.530E-08
80202.71c 200.236000 endfb7.1_nndc/Hg_202_293.6K.ace 0 1 1 154929 0 0 2.530E-08
80204.71c 202.221000 endfb7.1_nndc/Hg_204_293.6K.ace 0 1 1 140620 0 0 2.530E-08
81203.71c 201.229000 endfb7.1_nndc/Tl_203_293.6K.ace 0 1 1 358403 0 0 2.530E-08 ptable
81205.71c 203.214000 endfb7.1_nndc/Tl_205_293.6K.ace 0 1 1 236794 0 0 2.530E-08 ptable
82204.71c 202.220800 endfb7.1_nndc/Pb_204_293.6K.ace 0 1 1 614444 0 0 2.530E-08
82206.71c 204.205000 endfb7.1_nndc/Pb_206_293.6K.ace 0 1 1 1196477 0 0 2.530E-08
82207.71c 205.197900 endfb7.1_nndc/Pb_207_293.6K.ace 0 1 1 550706 0 0 2.530E-08
82208.71c 206.190000 endfb7.1_nndc/Pb_208_293.6K.ace 0 1 1 484779 0 0 2.530E-08
83209.71c 207.185000 endfb7.1_nndc/Bi_209_293.6K.ace 0 1 1 266833 0 0 2.530E-08
88223.71c 221.103000 endfb7.1_nndc/Ra_223_293.6K.ace 0 1 1 22870 0 0 2.530E-08
88224.71c 222.096000 endfb7.1_nndc/Ra_224_293.6K.ace 0 1 1 19490 0 0 2.530E-08
88225.71c 223.091000 endfb7.1_nndc/Ra_225_293.6K.ace 0 1 1 16663 0 0 2.530E-08
88226.71c 224.084000 endfb7.1_nndc/Ra_226_293.6K.ace 0 1 1 102243 0 0 2.530E-08
89225.71c 223.090000 endfb7.1_nndc/Ac_225_293.6K.ace 0 1 1 257844 0 0 2.530E-08
89226.71c 224.084000 endfb7.1_nndc/Ac_226_293.6K.ace 0 1 1 269845 0 0 2.530E-08
89227.71c 225.077000 endfb7.1_nndc/Ac_227_293.6K.ace 0 1 1 273026 0 0 2.530E-08
90227.71c 225.077000 endfb7.1_nndc/Th_227_293.6K.ace 0 1 1 313483 0 0 2.530E-08
90228.71c 226.070000 endfb7.1_nndc/Th_228_293.6K.ace 0 1 1 364983 0 0 2.530E-08 ptable
90229.71c 227.064000 endfb7.1_nndc/Th_229_293.6K.ace 0 1 1 358652 0 0 2.530E-08 ptable
90230.71c 228.057000 endfb7.1_nndc/Th_230_293.6K.ace 0 1 1 363329 0 0 2.530E-08 ptable
90231.71c 229.052000 endfb7.1_nndc/Th_231_293.6K.ace 0 1 1 323600 0 0 2.530E-08
90232.71c 230.045000 endfb7.1_nndc/Th_232_293.6K.ace 0 1 1 2503546 0 0 2.530E-08 ptable
90233.71c 231.040000 endfb7.1_nndc/Th_233_293.6K.ace 0 1 1 292031 0 0 2.530E-08
90234.71c 232.033000 endfb7.1_nndc/Th_234_293.6K.ace 0 1 1 224444 0 0 2.530E-08
91229.71c 227.065000 endfb7.1_nndc/Pa_229_293.6K.ace 0 1 1 226043 0 0 2.530E-08
91230.71c 228.058000 endfb7.1_nndc/Pa_230_293.6K.ace 0 1 1 253538 0 0 2.530E-08
91231.71c 229.051000 endfb7.1_nndc/Pa_231_293.6K.ace 0 1 1 1397276 0 0 2.530E-08 ptable
91232.71c 230.045000 endfb7.1_nndc/Pa_232_293.6K.ace 0 1 1 271790 0 0 2.530E-08 ptable
91233.71c 231.038000 endfb7.1_nndc/Pa_233_293.6K.ace 0 1 1 1532334 0 0 2.530E-08 ptable
92230.71c 228.058000 endfb7.1_nndc/U_230_293.6K.ace 0 1 1 261640 0 0 2.530E-08
92231.71c 229.052000 endfb7.1_nndc/U_231_293.6K.ace 0 1 1 284953 0 0 2.530E-08
92232.71c 230.044000 endfb7.1_nndc/U_232_293.6K.ace 0 1 1 429001 0 0 2.530E-08 ptable
92233.71c 231.037700 endfb7.1_nndc/U_233_293.6K.ace 0 1 1 451680 0 0 2.530E-08 ptable
92234.71c 232.030400 endfb7.1_nndc/U_234_293.6K.ace 0 1 1 424252 0 0 2.530E-08 ptable
92235.71c 233.024800 endfb7.1_nndc/U_235_293.6K.ace 0 1 1 837937 0 0 2.530E-08 ptable
92236.71c 234.017800 endfb7.1_nndc/U_236_293.6K.ace 0 1 1 357063 0 0 2.530E-08 ptable
92237.71c 235.012400 endfb7.1_nndc/U_237_293.6K.ace 0 1 1 199212 0 0 2.530E-08 ptable
92238.71c 236.005800 endfb7.1_nndc/U_238_293.6K.ace 0 1 1 1547808 0 0 2.530E-08 ptable
92239.71c 237.000700 endfb7.1_nndc/U_239_293.6K.ace 0 1 1 248303 0 0 2.530E-08 ptable
92240.71c 237.994400 endfb7.1_nndc/U_240_293.6K.ace 0 1 1 296081 0 0 2.530E-08 ptable
92241.71c 238.989500 endfb7.1_nndc/U_241_293.6K.ace 0 1 1 228281 0 0 2.530E-08 ptable
93234.71c 232.032000 endfb7.1_nndc/Np_234_293.6K.ace 0 1 1 229813 0 0 2.530E-08
93235.71c 233.025000 endfb7.1_nndc/Np_235_293.6K.ace 0 1 1 228412 0 0 2.530E-08
93236.71c 234.019000 endfb7.1_nndc/Np_236_293.6K.ace 0 1 1 264358 0 0 2.530E-08 ptable
93237.71c 235.011800 endfb7.1_nndc/Np_237_293.6K.ace 0 1 1 460506 0 0 2.530E-08 ptable
93238.71c 236.006000 endfb7.1_nndc/Np_238_293.6K.ace 0 1 1 375538 0 0 2.530E-08 ptable
93239.71c 236.999000 endfb7.1_nndc/Np_239_293.6K.ace 0 1 1 268140 0 0 2.530E-08
94236.71c 234.018000 endfb7.1_nndc/Pu_236_293.6K.ace 0 1 1 193940 0 0 2.530E-08 ptable
94237.71c 235.012000 endfb7.1_nndc/Pu_237_293.6K.ace 0 1 1 279836 0 0 2.530E-08
94238.71c 236.004600 endfb7.1_nndc/Pu_238_293.6K.ace 0 1 1 330614 0 0 2.530E-08 ptable
94239.71c 236.998600 endfb7.1_nndc/Pu_239_293.6K.ace 0 1 1 813144 0 0 2.530E-08 ptable
94240.71c 237.991600 endfb7.1_nndc/Pu_240_293.6K.ace 0 1 1 780421 0 0 2.530E-08 ptable
94241.71c 238.978000 endfb7.1_nndc/Pu_241_293.6K.ace 0 1 1 193800 0 0 2.530E-08 ptable
94242.71c 239.979000 endfb7.1_nndc/Pu_242_293.6K.ace 0 1 1 381730 0 0 2.530E-08 ptable
94243.71c 240.974000 endfb7.1_nndc/Pu_243_293.6K.ace 0 1 1 98980 0 0 2.530E-08 ptable
94244.71c 241.967000 endfb7.1_nndc/Pu_244_293.6K.ace 0 1 1 214214 0 0 2.530E-08 ptable
94246.71c 243.956000 endfb7.1_nndc/Pu_246_293.6K.ace 0 1 1 172621 0 0 2.530E-08
95240.71c 237.993000 endfb7.1_nndc/Am_240_293.6K.ace 0 1 1 221504 0 0 2.530E-08
95241.71c 238.986000 endfb7.1_nndc/Am_241_293.6K.ace 0 1 1 278517 0 0 2.530E-08 ptable
95242.71c 239.980100 endfb7.1_nndc/Am_242_293.6K.ace 0 1 1 165938 0 0 2.530E-08 ptable
95642.71c 239.980100 endfb7.1_nndc/Am_242m1_293.6K.ace 0 1 1 143665 0 0 2.530E-08 ptable
95243.71c 240.973400 endfb7.1_nndc/Am_243_293.6K.ace 0 1 1 337448 0 0 2.530E-08 ptable
95244.71c 241.968000 endfb7.1_nndc/Am_244_293.6K.ace 0 1 1 32164 0 0 2.530E-08
95644.71c 241.968000 endfb7.1_nndc/Am_244m1_293.6K.ace 0 1 1 34559 0 0 2.530E-08
96240.71c 237.993000 endfb7.1_nndc/Cm_240_293.6K.ace 0 1 1 168408 0 0 2.530E-08
96241.71c 238.987000 endfb7.1_nndc/Cm_241_293.6K.ace 0 1 1 178699 0 0 2.530E-08
96242.71c 239.979000 endfb7.1_nndc/Cm_242_293.6K.ace 0 1 1 210083 0 0 2.530E-08 ptable
96243.71c 240.973000 endfb7.1_nndc/Cm_243_293.6K.ace 0 1 1 215236 0 0 2.530E-08 ptable
96244.71c 241.966000 endfb7.1_nndc/Cm_244_293.6K.ace 0 1 1 339857 0 0 2.530E-08 ptable
96245.71c 242.960000 endfb7.1_nndc/Cm_245_293.6K.ace 0 1 1 272486 0 0 2.530E-08 ptable
96246.71c 243.953000 endfb7.1_nndc/Cm_246_293.6K.ace 0 1 1 309603 0 0 2.530E-08 ptable
96247.71c 244.948000 endfb7.1_nndc/Cm_247_293.6K.ace 0 1 1 280820 0 0 2.530E-08 ptable
96248.71c 245.941000 endfb7.1_nndc/Cm_248_293.6K.ace 0 1 1 282914 0 0 2.530E-08 ptable
96249.71c 246.936000 endfb7.1_nndc/Cm_249_293.6K.ace 0 1 1 212937 0 0 2.530E-08
96250.71c 247.930000 endfb7.1_nndc/Cm_250_293.6K.ace 0 1 1 184865 0 0 2.530E-08 ptable
97245.71c 242.961000 endfb7.1_nndc/Bk_245_293.6K.ace 0 1 1 221349 0 0 2.530E-08
97246.71c 243.955000 endfb7.1_nndc/Bk_246_293.6K.ace 0 1 1 226472 0 0 2.530E-08
97247.71c 244.948000 endfb7.1_nndc/Bk_247_293.6K.ace 0 1 1 235438 0 0 2.530E-08
97248.71c 245.942000 endfb7.1_nndc/Bk_248_293.6K.ace 0 1 1 243019 0 0 2.530E-08
97249.71c 246.935000 endfb7.1_nndc/Bk_249_293.6K.ace 0 1 1 325173 0 0 2.530E-08 ptable
97250.71c 247.930000 endfb7.1_nndc/Bk_250_293.6K.ace 0 1 1 273538 0 0 2.530E-08
98246.71c 243.955000 endfb7.1_nndc/Cf_246_293.6K.ace 0 1 1 217832 0 0 2.530E-08
98248.71c 245.941000 endfb7.1_nndc/Cf_248_293.6K.ace 0 1 1 243277 0 0 2.530E-08
98249.71c 246.935000 endfb7.1_nndc/Cf_249_293.6K.ace 0 1 1 334931 0 0 2.530E-08 ptable
98250.71c 247.928000 endfb7.1_nndc/Cf_250_293.6K.ace 0 1 1 255368 0 0 2.530E-08 ptable
98251.71c 248.923000 endfb7.1_nndc/Cf_251_293.6K.ace 0 1 1 297801 0 0 2.530E-08 ptable
98252.71c 249.916000 endfb7.1_nndc/Cf_252_293.6K.ace 0 1 1 333741 0 0 2.530E-08 ptable
98253.71c 250.911000 endfb7.1_nndc/Cf_253_293.6K.ace 0 1 1 243116 0 0 2.530E-08
98254.71c 251.905000 endfb7.1_nndc/Cf_254_293.6K.ace 0 1 1 223360 0 0 2.530E-08
99251.71c 248.923000 endfb7.1_nndc/Es_251_293.6K.ace 0 1 1 223242 0 0 2.530E-08
99252.71c 249.917000 endfb7.1_nndc/Es_252_293.6K.ace 0 1 1 235400 0 0 2.530E-08
99253.71c 250.911000 endfb7.1_nndc/Es_253_293.6K.ace 0 1 1 228371 0 0 2.530E-08
99254.71c 251.905000 endfb7.1_nndc/Es_254_293.6K.ace 0 1 1 243793 0 0 2.530E-08
99654.71c 251.905000 endfb7.1_nndc/Es_254m1_293.6K.ace 0 1 1 257997 0 0 2.530E-08
99255.71c 252.899000 endfb7.1_nndc/Es_255_293.6K.ace 0 1 1 214852 0 0 2.530E-08
100255.71c 252.899000 endfb7.1_nndc/Fm_255_293.6K.ace 0 1 1 265749 0 0 2.530E-08
